R,G,B
0.013113100491741268,0.010465262892447359,0.014878325557937208
10.738368427688815,11.760433741016266,13.575085109065691
11.517841381919052,12.398688689950825,13.646702811751355
11.869247257596772,12.44471062917665,13.27436641028874
10.132473173224323,10.355135411343893,11.162621359223301
8.19808346992813,8.253688059513303,8.602320010087
5.915395284327323,5.915395284327323,5.920690959525911
1.4168452906316984,1.4168452906316984,1.4168452906316984
0.7497163031143613,0.743285840373219,0.7456815029630564
11.759325498211549,10.154701073071028,10.946857434849258
0.12095747389865037,0.06302521008403361,0.1128087598675834
155.40985485103133,170.4805194805195,195.32798573975043
166.61688311688312,179.19607843137254,196.90056022408965
170.75681181563536,178.9820473644003,190.7369493251846
153.54889060887513,156.21142930856553,167.70536635706915
141.98141074611664,142.14005602240897,147.42398777692895
143.45670995670994,143.43862999745352,143.8381716322893
45.929717341482046,45.987904252610136,43.44461420932009
0.5672268907563025,0.5672268907563025,0.5672268907563025
18.33720330237358,16.608230134158926,17.455882352941178
0.09418736603202622,0.04123061404614803,0.08132644054974152
165.95448241079308,180.92346488462994,202.87353423275752
176.31357962425923,188.37498423906192,204.93292144748455
177.76699029126215,186.2616315723112,197.24145757155466
162.97828308635667,165.3820899335718,176.0548032703117
174.90871264657673,175.2500315218762,181.51658050687178
192.6420375740764,192.0962047661077,194.83961669398562
77.03908712646577,76.85134283192535,77.00025217500945
0.5552893708233514,0.5552893708233514,0.5552893708233514
18.041006642820644,16.32677567705672,17.160066428206438
0.0789406671759613,0.036414565826330535,0.09065444359562007
172.0593328240387,186.59791189202954,207.32467532467533
182.28163992869875,194.0341227400051,209.78202189966896
182.79067990832698,191.4410491469315,201.82760376878025
166.937306501548,169.12977296181631,179.65273477812178
174.82365673542145,173.77514642220524,179.0212630506748
230.3324420677362,229.67239623121975,233.65253374076903
142.99528902470078,142.69251336898395,144.194423223835
43.72549019607843,43.26088617265088,43.39852304558187
18.024122807017545,16.310371517027864,17.146929824561404
0.08199643493761141,0.034886681945505475,0.10084033613445378
176.55742296918768,190.74204227145404,210.57397504456327
186.9075630252101,198.39826839826839,213.6052966641202
185.95632798573976,194.91431117901706,205.10325948561243
170.0172858617131,172.03147574819403,181.88519091847266
168.7620320855615,167.9765724471607,170.6035141329259
230.1599185128597,229.84415584415584,232.87904252610136
147.1307613954673,146.98548510313216,148.2904252610135
35.925388337153045,35.49261522790935,35.612172141583905
15.16047471620227,13.493937048503613,14.302889576883384
0.08498297818686168,0.038078426427940994,0.1059135039717564
160.40776699029126,166.37019291388222,180.21636615811374
187.73193796494766,194.8992560837221,207.04564367671165
187.4609759172866,196.35291892573446,206.3879712520489
170.2408022483393,172.76916198262646,182.63796627491058
168.42567141596268,167.4249148909343,171.40272349010212
197.11600050435,190.27676207287857,191.4551758920691
141.69310301349137,142.26188374732064,146.43033665363762
37.39868868995082,36.91035178413819,36.926364897238685
18.02733776188043,16.291517629024018,17.14333163004599
0.07792207792207792,0.025974025974025976,0.1038961038961039
107.96498599439776,108.89546727782022,117.59103641456582
129.02992105933282,118.3961038961039,120.47911892029539
93.47313470842883,96.74446142093201,105.84415584415585
64.02089783281734,65.26818885448917,73.70072239422085
76.86389101094983,74.14502164502164,80.74598930481284
77.1362363127069,67.52470078940667,69.12796027501909
59.372167048637635,58.14565826330532,59.154698242933534
43.4593837535014,42.89292080468551,42.96574993633817
18.83952528379773,17.09907120743034,17.945820433436534
0.08649602824360106,0.043121926617072245,0.09582650359349389
178.40411045265415,192.0980960786786,212.29680998613037
143.03467406380028,151.82549489345607,167.079813390493
80.75009456562854,84.67204640020174,93.74568150296305
44.5604241185488,45.996678589678076,52.33903934593766
6.548354558063296,6.756272853360232,9.031017526163158
28.77493380406002,28.35203631320136,30.14676585550372
33.92384314714412,32.46538897995209,30.560080696003027
0.2017400075652503,0.2017400075652503,0.2017400075652503
17.170924885028104,15.434721512519163,16.27567705671947
0.09192768016297428,0.057295645530939646,0.1092436974789916
150.31372549019608,164.72816399286987,191.05793226381462
180.67341482047365,192.34046345811052,208.97007894066718
181.86325439266616,190.99108734402853,202.30939648586707
166.92853457172342,171.87409700722395,180.1438338493292
144.98141074611664,143.92373312961547,147.17303284950344
169.93417366946778,167.8223834988541,167.69811560988032
81.42335115864527,77.62452253628724,71.35077667430609
0.3931754519989814,0.3931754519989814,0.3931754519989814
25.316821465428276,23.644607843137255,24.432404540763674
0.016042780748663103,0.014387573211102622,0.019989814107461167
16.916093710211356,19.051948051948052,23.594474153297682
21.503565062388592,23.05118411000764,25.45378151260504
23.01922587216705,24.160045836516424,25.694041252864782
21.2374871001032,21.852038183694532,23.018704850361196
19.037687802393684,18.69111280875987,19.09460147695442
22.54723707664884,22.23274764451235,22.04087089381207
11.51527883880825,11.054621848739496,10.129742806213395
0.5103132161955691,0.4968169085816145,0.5021645021645021
11.382481940144478,9.784442724458204,10.569272445820433
